42712945
73481532
58111098
70393258
60592633
44397280
23835170
65631246
65937700
52905161
62472134
57077508
52801741
67305365
72260159
54261040
54237097
61908070
53607662
54164227
48534039
57175689
67615919
29939209
72911101
46346331
44295982
46947769
61183781
70457139
74544039
45079909
28156941
44488930
69169246
25367395
70307812
39183023
35671012
67600693
49490930
45191902
50444140
70511000
43941648
55508319
73507978
67831037
64041646
7087124
11340418
67207486
69879052
13546210
12881909
68972944
71391327
60099176
56349071
67429403
73269629
51774535
44303033
70553349
68787838
54883239
68443570
66949229
59426131
70233022
63420236
57475154
65110733
44249982
55114591
67938636
60614799
70639063
58784082
72406378
51925612
61244527
49402928
38588002
63789517
50338481
72873949
71548978
72935039
67167241
63806050
26512698
46935961
18375429
38715855
68878096
11442505
73338221
67427541
51930918
